,age,height,weight,overall_rating,potential,crossing,finishing,heading_accuracy,short_passing,volleys,dribbling,curve,free_kick_accuracy,long_passing,ball_control,acceleration,sprint_speed,agility,reactions,balance,shot_power,jumping,stamina,strength,long_shots,aggression,interceptions,positioning,vision,penalties,marking,standing_tackle,sliding_tackle,gk_diving,gk_handling,gk_kicking,gk_positioning,gk_reflexes
age,1.0,-0.3333809684516471,-0.15885083599431934,0.4273710992601626,0.03821875371005879,-0.10676693849712285,-0.04779872580647373,-0.13774813470617112,-0.08795214085185189,0.02779871166315662,0.004652322889237372,-0.07450448016551231,-0.09079443792673475,-0.007227637123742576,0.17456153972050156,0.10510540989140302,0.0680481747669951,0.1607317162674337,0.30316994149119253,0.11263451799782821,0.019338756172382243,0.2453401779616505,0.04752671549507001,0.10581728206121994,-0.2161152223957665,0.32470245260214714,-0.011289038200019861,-0.1809501764083955,0.11048985155126465,-0.03892227041233682,-0.06098738096305578,-0.027950292818019144,0.06618271489621876,0.36708794369457937,0.35780878388143766,0.3174342752695981,0.47368041163098046,0.26908921771527056
height,-0.3333809684516471,1.0,0.5878188936986659,-0.028256825905626504,0.12118897988762471,3.413142690790029e-05,-0.04261761997960647,0.05839354664072205,0.12225876263312568,0.0021214737548155157,0.016029073491241774,0.0811308768236096,0.035399633779513356,-0.1812255467780272,-0.039307000602907365,-0.13582773894505612,-0.14979106006571843,-0.20862816245909208,-0.11604987072349145,-0.37516293404278195,0.07309369575937237,-0.19086633934391542,-0.17137391447732392,0.24841680313479797,0.1366120172088884,-0.26869624421725774,-0.182187971743062,-0.0035433398491843283,-0.19828138783591068,-0.18828478895195883,-0.026820579024527468,0.02297223557581389,-0.0942986216235516,-0.014717928530171072,-0.06716573674422432,-0.0374336595911355,0.06026194182807014,-0.0435156144672423
weight,-0.15885083599431934,0.5878188936986659,1.0,-0.025060887383572036,0.07310289606280211,0.07674826659812131,0.037882989689990425,0.11222602533747726,0.13896844261840963,0.11203907593958033,0.07028156370224857,0.0034445238803994375,0.03692601504529142,-0.10583806561223032,-0.01912859800378281,-0.2798940422688359,-0.27665086039981396,-0.18317181360581872,-0.09108708998540209,-0.22850133553890847,0.12765834011645472,-0.08341025019217324,-0.12741328182179562,0.24941658942119585,0.11338026648057947,-0.17789163685252135,-0.11955014522570367,0.024497865654720636,-0.14656533238566896,-0.07417265549535806,0.0229914793937165,0.07112528990510601,0.037269836736849346,-0.0625983639637905,-0.02616461370648957,-0.026086196459306682,0.1006071885719675,-0.07551569916135761
overall_rating,0.4273710992601626,-0.028256825905626504,-0.025060887383572036,1.0,0.7805102375267348,0.08366908208954402,0.003709393252677408,-0.0006531152433023448,0.11646380909245689,0.14283760866748807,0.08819731975588196,0.037310843669177335,0.016575756756112135,0.0918867717488733,0.2049942931070703,0.3000183502278237,0.20660256404432129,0.3075705478601064,0.560920182136732,-0.0955303577049778,0.10542340405157591,0.44078537193253287,0.09904072457371764,0.2180391029376864,0.0251112269666915,0.13040772070850903,0.065471898969637,-0.03852277900707086,0.17839357009971074,-0.01688763355338292,0.05228483701036277,0.1061663934066788,0.16380540728886472,0.8979193294953154,0.8281482167136965,0.6697274121569193,0.8631620135854412,0.877756394683655
potential,0.03821875371005879,0.12118897988762471,0.07310289606280211,0.7805102375267348,1.0,0.07673320719058994,-0.02665784761736617,0.011055029979859635,0.12535646692752264,0.05730098120033366,0.07658927214384335,-0.056511439940048064,0.020316748179121023,0.13616427217110189,0.1282215648438062,0.26484474251666174,0.1783509352760022,0.2213445156874301,0.4072214037951662,-0.10089859016911461,0.05738036176839696,0.30735910139063044,0.18236240071050971,0.2467862539326453,0.06895444025774533,0.03521695243443483,0.14598668580679258,0.029247422722353207,0.1868902272403196,0.07101946522737325,0.029960934838913437,0.07050675109321895,0.1364418263189375,0.7209860969043156,0.6501822527433672,0.4977495829260127,0.6255959204530622,0.7059187855433083
crossing,-0.10676693849712285,3.413142690790029e-05,0.07674826659812131,0.08366908208954402,0.07673320719058994,1.0,0.856915077676349,0.797679180571157,0.1816778020581015,0.5846039244347847,0.7247410561253095,0.6138793077827522,0.45300649864776227,0.3580616454236612,0.21065025309633975,0.05819992227932779,0.028180067476386707,0.04725429663165976,0.007518022025131,-0.012045585674715632,0.16990101553484988,0.06316685894082821,0.04193783681255389,-0.0021702846346531423,0.7979167731158218,-0.09066393474273308,0.33844564105964126,0.5311132108111137,-0.002070658354528337,0.34044850281993166,0.8475023293974924,0.7512186580241542,0.6692536932687574,0.058558420288604654,0.03733687437665598,0.10667247362526758,0.04320020452489589,0.11805768792922726
finishing,-0.04779872580647373,-0.04261761997960647,0.037882989689990425,0.003709393252677408,-0.02665784761736617,0.856915077676349,1.0,0.7270579160489314,0.09550463936475287,0.5147655083641823,0.7111365252438294,0.5586594694099056,0.475799465600452,0.3958130343098704,0.2080172223885686,0.02968445172672793,-0.019763379622157053,0.02125627710363669,0.05574618108909975,0.050776627725555495,0.20622028437028656,0.02352722003080403,0.036417875619671934,0.006006004015175982,0.7670495614440901,-0.028015499427095164,0.3582692931510297,0.5483545984088545,-0.03149347635914318,0.3765553527004198,0.8569251261812537,0.7709998028450017,0.6718476454669478,-0.04366682505994622,-0.027030600471931596,0.02794504972990549,-0.014477237158689898,0.037595407550113945
heading_accuracy,-0.13774813470617112,0.05839354664072205,0.11222602533747726,-0.0006531152433023448,0.011055029979859635,0.797679180571157,0.7270579160489314,1.0,0.2336354572903033,0.5301389603789687,0.6428931150710295,0.5805584359724117,0.3567480197337221,0.3194457934387387,0.17178957527975758,0.05369975576950096,0.018840759892524858,0.0707263349967309,0.01326329664252523,0.03436051214715706,0.21126668953905547,0.07293028146133144,-0.03683708354056497,-0.033478252658111295,0.7320309422558123,-0.11618560679697414,0.2491285984673964,0.4585504123006019,-0.017597598096865764,0.27109511004368186,0.7002398742704576,0.6995579923657619,0.6246492328123805,-0.0417530983334117,-0.017000402523332358,0.06905362966828966,0.007979682697737299,0.014749039959362243
short_passing,-0.08795214085185189,0.12225876263312568,0.13896844261840963,0.11646380909245689,0.12535646692752264,0.1816778020581015,0.09550463936475287,0.2336354572903033,1.0,0.14697817937139693,0.23152358972127837,0.16490512706656016,0.10445166338960014,0.2670662517405492,0.2824231175589552,0.12763395805013983,0.12808099300157452,0.2022417561531649,0.061778453379621574,0.1013721929320521,0.1239880044347429,0.1805972010204534,0.08786230100886869,-0.051480781902051145,0.17675566903207,-0.04405416146892208,-0.0216638755937551,0.14239493081067864,0.08409156485909913,0.025272301208821832,0.1404187949001927,0.187690731467831,0.18395611650585794,0.1343684349488664,0.06841572863239145,0.22251580837235546,0.06467390976991767,0.1176897235312252
volleys,0.02779871166315662,0.0021214737548155157,0.11203907593958033,0.14283760866748807,0.05730098120033366,0.5846039244347847,0.5147655083641823,0.5301389603789687,0.14697817937139693,1.0,0.5424553702071901,0.524652572627034,0.40305678426445146,-0.05510386476199278,0.08070514819364538,-0.04866008296180122,-0.12375042787320417,0.016868978330024872,0.06879130329561546,-0.1264511919957717,0.09450855588557386,0.00601890001849949,-0.25204101851488764,0.051653656927845064,0.5772713699184061,-0.19812694642549736,-0.06666151529046563,0.14088973806235297,-0.20497973961514693,-0.04349639834464495,0.5480756650191334,0.43610382926045205,0.5725057238011132,0.10821519983932644,0.11775981967794395,0.1338471524363256,0.09910025482261393,0.16647702346119136
dribbling,0.004652322889237372,0.016029073491241774,0.07028156370224857,0.08819731975588196,0.07658927214384335,0.7247410561253095,0.7111365252438294,0.6428931150710295,0.23152358972127837,0.5424553702071901,1.0,0.5156725958676113,0.39119032577216956,0.33933845810391305,0.3382060885743125,0.11248286939232473,0.08084861996441992,0.07666375361375821,0.11444432226257426,0.07167135141288113,0.2322264708992392,0.0887970381047228,0.007930160111124252,-0.03358925496347927,0.6855072135127018,-0.01141792363031026,0.2967530850337416,0.4766824435764544,0.034181751888405554,0.2547779259171596,0.7094952267717549,0.647999148496197,0.5855695304667132,0.0692890281962998,0.03327967079292297,0.12785943849113213,0.020708708480501218,0.1358942989106942
curve,-0.07450448016551231,0.0811308768236096,0.0034445238803994375,0.037310843669177335,-0.056511439940048064,0.6138793077827522,0.5586594694099056,0.5805584359724117,0.16490512706656016,0.524652572627034,0.5156725958676113,1.0,0.4580820580015137,-0.07808296683549931,0.1514797803012069,-0.013149482994124984,-0.08719323815778444,-0.08623005339019973,0.015359863194322431,-0.06598959398355138,0.07916830487120795,-0.01957652846156444,-0.19317642911413005,0.01002085754113356,0.568390011668392,-0.17908687551481722,-0.08820503312143607,0.2254099522281512,-0.22985199627892916,-0.1293488889564758,0.5419010367799696,0.4682068166957374,0.46618540545036496,0.03521020118465992,0.030062457213536533,0.06478358475634528,0.002177038506239494,0.06764403087180874
free_kick_accuracy,-0.09079443792673475,0.035399633779513356,0.03692601504529142,0.016575756756112135,0.020316748179121023,0.45300649864776227,0.475799465600452,0.3567480197337221,0.10445166338960014,0.40305678426445146,0.39119032577216956,0.4580820580015137,1.0,0.12353148710441486,0.12751634240429496,0.017123757024350136,0.024659570881029592,-0.014232540988199333,-0.03308725860323686,0.00198875355400344,0.05359376233235685,0.03709928492331355,0.015772764938624208,0.032825066480715016,0.3853282421644516,-0.09354770998708176,0.15667781742960982,0.2370016799768319,-0.07816852380580586,0.19200960677369097,0.4457835535314665,0.3683945657757616,0.4388765952953022,-0.009767922802016507,-0.02041377182332869,0.007009668272345383,-0.011425185601585059,0.07056418433851322
long_passing,-0.007227637123742576,-0.1812255467780272,-0.10583806561223032,0.0918867717488733,0.13616427217110189,0.3580616454236612,0.3958130343098704,0.3194457934387387,0.2670662517405492,-0.05510386476199278,0.33933845810391305,-0.07808296683549931,0.12353148710441486,1.0,0.20139121976123628,0.17990555736493738,0.24148470286376217,0.21711334122849538,0.03026921533800632,0.28248192177050907,0.17037276896200468,0.1857843698381255,0.4546250506087091,-0.08807963371893232,0.27837966204122355,0.35729157273422035,0.7864575034266208,0.5685555099029564,0.4839230430420161,0.7763009499953649,0.37494872781063127,0.4153871787961442,0.3129453333778288,0.02656785885720614,0.06032601661337508,0.2352136341038382,0.055629319412000625,0.06362912498660461
ball_control,0.17456153972050156,-0.039307000602907365,-0.01912859800378281,0.2049942931070703,0.1282215648438062,0.21065025309633975,0.2080172223885686,0.17178957527975758,0.2824231175589552,0.08070514819364538,0.3382060885743125,0.1514797803012069,0.12751634240429496,0.20139121976123628,1.0,0.21976295911458907,0.16810945511173078,0.2663872812990109,0.12884154218164637,0.11550632831507383,0.32446493925004793,0.1992627972448374,0.18285450806682818,-0.0017158483865135758,0.15116542975320513,0.19432995355902227,0.08902445928224356,0.11367763240848161,-0.015950624202850254,0.10676929906301028,0.21629591148012883,0.311617511849735,0.22128678189850895,0.210020161430046,0.10229152803548316,0.2569714177624984,0.16417350946135933,0.18184539998053778
acceleration,0.10510540989140302,-0.13582773894505612,-0.2798940422688359,0.3000183502278237,0.26484474251666174,0.05819992227932779,0.02968445172672793,0.05369975576950096,0.12763395805013983,-0.04866008296180122,0.11248286939232473,-0.013149482994124984,0.017123757024350136,0.17990555736493738,0.21976295911458907,1.0,0.7404108979965741,0.4260639327431801,0.1665265142561161,0.302927799283178,0.1452269421761813,0.23213759692500513,0.29825914598291614,-0.0191382539595864,-0.04617447969306815,0.2678987756793091,0.12943213980191756,0.12361753881980511,0.1583332620416668,0.15607545852056498,0.04055166478572125,0.001964291212943579,0.05624343789425094,0.30547798390474046,0.14266166428942664,0.12860299413628107,0.17306166829953462,0.36467714944497065
sprint_speed,0.0680481747669951,-0.14979106006571843,-0.27665086039981396,0.20660256404432129,0.1783509352760022,0.028180067476386707,-0.019763379622157053,0.018840759892524858,0.12808099300157452,-0.12375042787320417,0.08084861996441992,-0.08719323815778444,0.024659570881029592,0.24148470286376217,0.16810945511173078,0.7404108979965741,1.0,0.4138217949385828,0.0974372230042038,0.34397695687114344,0.053362371071137144,0.1567856468020134,0.36775621502476524,0.01088903639653082,-0.05768364987037648,0.28267438002492723,0.20381553299856903,0.07371073747980124,0.21214576326108453,0.23438430467124996,-0.012329065650929654,-0.049661211068403974,-0.026006909078612153,0.24914961104694133,0.045096063254533816,0.17581365904159846,0.0900874533506784,0.2537304578778372
agility,0.1607317162674337,-0.20862816245909208,-0.18317181360581872,0.3075705478601064,0.2213445156874301,0.04725429663165976,0.02125627710363669,0.0707263349967309,0.2022417561531649,0.016868978330024872,0.07666375361375821,-0.08623005339019973,-0.014232540988199333,0.21711334122849538,0.2663872812990109,0.4260639327431801,0.4138217949385828,1.0,0.37211717298072794,0.24582749921554597,0.11468586663825293,0.5259443057278719,0.21313741038241754,-0.028853855584962954,-0.03975561527313096,0.22178080727015945,0.12201781398467935,0.11167892305507604,0.1430467493276649,0.14030585159828024,-0.007972548042164669,0.04306154162157607,0.11339614015053481,0.3233942902497981,0.12876838713869734,0.18397920837261095,0.14612855097702745,0.3456999234439391
reactions,0.30316994149119253,-0.11604987072349145,-0.09108708998540209,0.560920182136732,0.4072214037951662,0.007518022025131,0.05574618108909975,0.01326329664252523,0.061778453379621574,0.06879130329561546,0.11444432226257426,0.015359863194322431,-0.03308725860323686,0.03026921533800632,0.12884154218164637,0.1665265142561161,0.0974372230042038,0.37211717298072794,1.0,-0.08267642276249763,0.12765499474199762,0.4455622984549534,0.07464006130330242,0.23223508960463934,-0.02176349131060273,0.15472150611714922,0.06553611126713334,-0.0016849719544723557,0.19341320367192097,-0.06060573050820748,-0.0028915990714620476,0.094268245946637,0.10106890188941672,0.40535279839263116,0.41126902862332076,0.3284673465667679,0.42019591833082587,0.4617546976271354
balance,0.11263451799782821,-0.37516293404278195,-0.22850133553890847,-0.0955303577049778,-0.10089859016911461,-0.012045585674715632,0.050776627725555495,0.03436051214715706,0.1013721929320521,-0.1264511919957717,0.07167135141288113,-0.06598959398355138,0.00198875355400344,0.28248192177050907,0.11550632831507383,0.302927799283178,0.34397695687114344,0.24582749921554597,-0.08267642276249763,1.0,0.13017726334524418,0.2073722389315431,0.2600115589649242,-0.04080252473076138,-0.026685660662870436,0.18958001411998537,0.21052804825651114,0.18230714603298226,0.1931343031980214,0.260926481862593,0.014908688321159689,0.03850269548004478,0.04043270009829333,-0.09025535812031386,-0.09172080884233608,-0.0793434161311079,-0.16914844094960887,-0.04716090186550034
shot_power,0.019338756172382243,0.07309369575937237,0.12765834011645472,0.10542340405157591,0.05738036176839696,0.16990101553484988,0.20622028437028656,0.21126668953905547,0.1239880044347429,0.09450855588557386,0.2322264708992392,0.07916830487120795,0.05359376233235685,0.17037276896200468,0.32446493925004793,0.1452269421761813,0.053362371071137144,0.11468586663825293,0.12765499474199762,0.13017726334524418,1.0,0.014945801237150145,0.06653626854528238,0.04423703883191733,0.11896120457789192,0.11647919849844907,0.06948769806056544,0.1755791484887649,-0.05437167713563013,0.13523452023663105,0.1731939286048125,0.21762841153616905,0.20403508722487954,0.045127495421218494,0.0664824706273119,0.08110122921324278,0.11484299020200499,0.07537966781122794
jumping,0.2453401779616505,-0.19086633934391542,-0.08341025019217324,0.44078537193253287,0.30735910139063044,0.06316685894082821,0.02352722003080403,0.07293028146133144,0.1805972010204534,0.00601890001849949,0.0887970381047228,-0.01957652846156444,0.03709928492331355,0.1857843698381255,0.1992627972448374,0.23213759692500513,0.1567856468020134,0.5259443057278719,0.4455622984549534,0.2073722389315431,0.014945801237150145,1.0,0.22278643830828948,0.01692930791462464,0.022964244385186322,0.16285813534310942,0.13118261469498396,0.1314093787662928,0.2006962760020571,0.08677841960654101,0.04012437600618318,0.18288276726465216,0.17492493906821513,0.42789433863965587,0.31722730486615597,0.198165084240106,0.266250044330156,0.43654819429914143
stamina,0.04752671549507001,-0.17137391447732392,-0.12741328182179562,0.09904072457371764,0.18236240071050971,0.04193783681255389,0.036417875619671934,-0.03683708354056497,0.08786230100886869,-0.25204101851488764,0.007930160111124252,-0.19317642911413005,0.015772764938624208,0.4546250506087091,0.18285450806682818,0.29825914598291614,0.36775621502476524,0.21313741038241754,0.07464006130330242,0.2600115589649242,0.06653626854528238,0.22278643830828948,1.0,0.037629708830777375,-0.11229506068177247,0.4986536632978738,0.411740538318998,0.28070049740370306,0.2981777943026613,0.42675049629669537,0.022912383920827718,0.048824799297800904,0.054580689118377,0.05874108614667295,0.049109826244102435,0.10132254949941724,0.06236135445816992,0.04852116221805766
strength,0.10581728206121994,0.24841680313479797,0.24941658942119585,0.2180391029376864,0.2467862539326453,-0.0021702846346531423,0.006006004015175982,-0.033478252658111295,-0.051480781902051145,0.051653656927845064,-0.03358925496347927,0.01002085754113356,0.032825066480715016,-0.08807963371893232,-0.0017158483865135758,-0.0191382539595864,0.01088903639653082,-0.028853855584962954,0.23223508960463934,-0.04080252473076138,0.04423703883191733,0.01692930791462464,0.037629708830777375,1.0,-0.00586691592937386,0.08467662842822858,0.025221573579802745,-0.07528111275083073,-0.05844779064702959,-0.06401182702631687,-0.07275233108160474,-0.08450538198432503,-0.01873232071114063,0.14937841938460236,0.12961713154848412,0.14141227746659643,0.21198835141295827,0.12526943632774587
long_shots,-0.2161152223957665,0.1366120172088884,0.11338026648057947,0.0251112269666915,0.06895444025774533,0.7979167731158218,0.7670495614440901,0.7320309422558123,0.17675566903207,0.5772713699184061,0.6855072135127018,0.568390011668392,0.3853282421644516,0.27837966204122355,0.15116542975320513,-0.04617447969306815,-0.05768364987037648,-0.03975561527313096,-0.02176349131060273,-0.026685660662870436,0.11896120457789192,0.022964244385186322,-0.11229506068177247,-0.00586691592937386,1.0,-0.22906414846102202,0.26219620633071333,0.5222319202740748,-0.08536686177117536,0.29194756269925154,0.7738323712090542,0.7178997327436345,0.5293882395975569,0.010219516375952219,0.012743652994887037,0.05261384027912939,0.002019068846918013,0.07092767250619393
aggression,0.32470245260214714,-0.26869624421725774,-0.17789163685252135,0.13040772070850903,0.03521695243443483,-0.09066393474273308,-0.028015499427095164,-0.11618560679697414,-0.04405416146892208,-0.19812694642549736,-0.01141792363031026,-0.17908687551481722,-0.09354770998708176,0.35729157273422035,0.19432995355902227,0.2678987756793091,0.28267438002492723,0.22178080727015945,0.15472150611714922,0.18958001411998537,0.11647919849844907,0.16285813534310942,0.4986536632978738,0.08467662842822858,-0.22906414846102202,1.0,0.39836516599153426,0.0811992268432538,0.2871588370944201,0.32214677597060454,-0.07337402456312656,-0.009798946133923134,-0.044350250039187696,0.08558101620708976,0.08866065697744055,0.11380744507974544,0.03164800807020374,0.09459152664225472
interceptions,-0.011289038200019861,-0.182187971743062,-0.11955014522570367,0.065471898969637,0.14598668580679258,0.33844564105964126,0.3582692931510297,0.2491285984673964,-0.0216638755937551,-0.06666151529046563,0.2967530850337416,-0.08820503312143607,0.15667781742960982,0.7864575034266208,0.08902445928224356,0.12943213980191756,0.20381553299856903,0.12201781398467935,0.06553611126713334,0.21052804825651114,0.06948769806056544,0.13118261469498396,0.411740538318998,0.025221573579802745,0.26219620633071333,0.39836516599153426,1.0,0.5314959472643506,0.48199528073085846,0.7816829995746102,0.33997238619483866,0.36975351482408575,0.194624473653254,-0.01227938011985367,0.03293416513814894,0.09165908371411248,0.016086800941358968,0.04288133757278803
positioning,-0.1809501764083955,-0.0035433398491843283,0.024497865654720636,-0.03852277900707086,0.029247422722353207,0.5311132108111137,0.5483545984088545,0.4585504123006019,0.14239493081067864,0.14088973806235297,0.4766824435764544,0.2254099522281512,0.2370016799768319,0.5685555099029564,0.11367763240848161,0.12361753881980511,0.07371073747980124,0.11167892305507604,-0.0016849719544723557,0.18230714603298226,0.1755791484887649,0.1314093787662928,0.28070049740370306,-0.07528111275083073,0.5222319202740748,0.0811992268432538,0.5314959472643506,1.0,0.19468135050304883,0.5518800834087036,0.5615855575766664,0.5357965407001878,0.3714030902803616,-0.09014977851898626,-0.06667727438517308,0.0338631509078083,-0.061475336493084405,-0.01268106027926791
vision,0.11048985155126465,-0.19828138783591068,-0.14656533238566896,0.17839357009971074,0.1868902272403196,-0.002070658354528337,-0.03149347635914318,-0.017597598096865764,0.08409156485909913,-0.20497973961514693,0.034181751888405554,-0.22985199627892916,-0.07816852380580586,0.4839230430420161,-0.015950624202850254,0.1583332620416668,0.21214576326108453,0.1430467493276649,0.19341320367192097,0.1931343031980214,-0.05437167713563013,0.2006962760020571,0.2981777943026613,-0.05844779064702959,-0.08536686177117536,0.2871588370944201,0.48199528073085846,0.19468135050304883,1.0,0.32624476835595045,0.0071459654773409825,0.06597921550453861,0.03475745699730235,0.15927312514045672,0.13218300143726017,0.20537343503605607,0.11928870660605395,0.13208531341442906
penalties,-0.03892227041233682,-0.18828478895195883,-0.07417265549535806,-0.01688763355338292,0.07101946522737325,0.34044850281993166,0.3765553527004198,0.27109511004368186,0.025272301208821832,-0.04349639834464495,0.2547779259171596,-0.1293488889564758,0.19200960677369097,0.7763009499953649,0.10676929906301028,0.15607545852056498,0.23438430467124996,0.14030585159828024,-0.06060573050820748,0.260926481862593,0.13523452023663105,0.08677841960654101,0.42675049629669537,-0.06401182702631687,0.29194756269925154,0.32214677597060454,0.7816829995746102,0.5518800834087036,0.32624476835595045,1.0,0.3474281048294422,0.345946084078127,0.20378655981857524,-0.055156622838064634,-0.0777143833626086,0.05306018672064246,-0.03199612494531687,0.00730946760578134
marking,-0.06098738096305578,-0.026820579024527468,0.0229914793937165,0.05228483701036277,0.029960934838913437,0.8475023293974924,0.8569251261812537,0.7002398742704576,0.1404187949001927,0.5480756650191334,0.7094952267717549,0.5419010367799696,0.4457835535314665,0.37494872781063127,0.21629591148012883,0.04055166478572125,-0.012329065650929654,-0.007972548042164669,-0.0028915990714620476,0.014908688321159689,0.1731939286048125,0.04012437600618318,0.022912383920827718,-0.07275233108160474,0.7738323712090542,-0.07337402456312656,0.33997238619483866,0.5615855575766664,0.0071459654773409825,0.3474281048294422,1.0,0.7616125975404388,0.6806887700722256,0.027472673709687635,0.01411057682293429,0.06912997880901653,0.00887016969938099,0.11065151085742919
standing_tackle,-0.027950292818019144,0.02297223557581389,0.07112528990510601,0.1061663934066788,0.07050675109321895,0.7512186580241542,0.7709998028450017,0.6995579923657619,0.187690731467831,0.43610382926045205,0.647999148496197,0.4682068166957374,0.3683945657757616,0.4153871787961442,0.311617511849735,0.001964291212943579,-0.049661211068403974,0.04306154162157607,0.094268245946637,0.03850269548004478,0.21762841153616905,0.18288276726465216,0.048824799297800904,-0.08450538198432503,0.7178997327436345,-0.009798946133923134,0.36975351482408575,0.5357965407001878,0.06597921550453861,0.345946084078127,0.7616125975404388,1.0,0.7241863924311781,0.0763289673211483,0.04302107221542972,0.09695476968982858,0.06624468256807238,0.12679691868133353
sliding_tackle,0.06618271489621876,-0.0942986216235516,0.037269836736849346,0.16380540728886472,0.1364418263189375,0.6692536932687574,0.6718476454669478,0.6246492328123805,0.18395611650585794,0.5725057238011132,0.5855695304667132,0.46618540545036496,0.4388765952953022,0.3129453333778288,0.22128678189850895,0.05624343789425094,-0.026006909078612153,0.11339614015053481,0.10106890188941672,0.04043270009829333,0.20403508722487954,0.17492493906821513,0.054580689118377,-0.01873232071114063,0.5293882395975569,-0.044350250039187696,0.194624473653254,0.3714030902803616,0.03475745699730235,0.20378655981857524,0.6806887700722256,0.7241863924311781,1.0,0.12270732083564623,0.10248290254652215,0.1536159042382563,0.12990516421202888,0.17737680752194956
gk_diving,0.36708794369457937,-0.014717928530171072,-0.0625983639637905,0.8979193294953154,0.7209860969043156,0.058558420288604654,-0.04366682505994622,-0.0417530983334117,0.1343684349488664,0.10821519983932644,0.0692890281962998,0.03521020118465992,-0.009767922802016507,0.02656785885720614,0.210020161430046,0.30547798390474046,0.24914961104694133,0.3233942902497981,0.40535279839263116,-0.09025535812031386,0.045127495421218494,0.42789433863965587,0.05874108614667295,0.14937841938460236,0.010219516375952219,0.08558101620708976,-0.01227938011985367,-0.09014977851898626,0.15927312514045672,-0.055156622838064634,0.027472673709687635,0.0763289673211483,0.12270732083564623,1.0,0.6329079300328828,0.6147088737157169,0.693742612511103,0.8415355704165254
gk_handling,0.35780878388143766,-0.06716573674422432,-0.02616461370648957,0.8281482167136965,0.6501822527433672,0.03733687437665598,-0.027030600471931596,-0.017000402523332358,0.06841572863239145,0.11775981967794395,0.03327967079292297,0.030062457213536533,-0.02041377182332869,0.06032601661337508,0.10229152803548316,0.14266166428942664,0.045096063254533816,0.12876838713869734,0.41126902862332076,-0.09172080884233608,0.0664824706273119,0.31722730486615597,0.049109826244102435,0.12961713154848412,0.012743652994887037,0.08866065697744055,0.03293416513814894,-0.06667727438517308,0.13218300143726017,-0.0777143833626086,0.01411057682293429,0.04302107221542972,0.10248290254652215,0.6329079300328828,1.0,0.5529525099476958,0.7392069129423149,0.6063637417308106
gk_kicking,0.3174342752695981,-0.0374336595911355,-0.026086196459306682,0.6697274121569193,0.4977495829260127,0.10667247362526758,0.02794504972990549,0.06905362966828966,0.22251580837235546,0.1338471524363256,0.12785943849113213,0.06478358475634528,0.007009668272345383,0.2352136341038382,0.2569714177624984,0.12860299413628107,0.17581365904159846,0.18397920837261095,0.3284673465667679,-0.0793434161311079,0.08110122921324278,0.198165084240106,0.10132254949941724,0.14141227746659643,0.05261384027912939,0.11380744507974544,0.09165908371411248,0.0338631509078083,0.20537343503605607,0.05306018672064246,0.06912997880901653,0.09695476968982858,0.1536159042382563,0.6147088737157169,0.5529525099476958,1.0,0.6048052781577082,0.5015528426587513
gk_positioning,0.47368041163098046,0.06026194182807014,0.1006071885719675,0.8631620135854412,0.6255959204530622,0.04320020452489589,-0.014477237158689898,0.007979682697737299,0.06467390976991767,0.09910025482261393,0.020708708480501218,0.002177038506239494,-0.011425185601585059,0.055629319412000625,0.16417350946135933,0.17306166829953462,0.0900874533506784,0.14612855097702745,0.42019591833082587,-0.16914844094960887,0.11484299020200499,0.266250044330156,0.06236135445816992,0.21198835141295827,0.002019068846918013,0.03164800807020374,0.016086800941358968,-0.061475336493084405,0.11928870660605395,-0.03199612494531687,0.00887016969938099,0.06624468256807238,0.12990516421202888,0.693742612511103,0.7392069129423149,0.6048052781577082,1.0,0.6385164499038559
gk_reflexes,0.26908921771527056,-0.0435156144672423,-0.07551569916135761,0.877756394683655,0.7059187855433083,0.11805768792922726,0.037595407550113945,0.014749039959362243,0.1176897235312252,0.16647702346119136,0.1358942989106942,0.06764403087180874,0.07056418433851322,0.06362912498660461,0.18184539998053778,0.36467714944497065,0.2537304578778372,0.3456999234439391,0.4617546976271354,-0.04716090186550034,0.07537966781122794,0.43654819429914143,0.04852116221805766,0.12526943632774587,0.07092767250619393,0.09459152664225472,0.04288133757278803,-0.01268106027926791,0.13208531341442906,0.00730946760578134,0.11065151085742919,0.12679691868133353,0.17737680752194956,0.8415355704165254,0.6063637417308106,0.5015528426587513,0.6385164499038559,1.0
